# Fix print output for fix def1
-3.4960421041259e-16 -0.022869860342464 -0.0307953556628286 -0.00789059207930532
0.000999999999999703 0.0632570838600456 0.0286448981133248 0.0102356119386847
0.00199999999999976 0.118959568309798 -0.064353971290465 0.00617798265446253
0.00299999999999981 0.201750187614595 0.0170413450673075 0.0442047605463976
0.00399999999999951 0.237201242013916 -0.0138378685065218 -0.0316498208885701
0.00499999999999956 0.313324639607118 0.00718989177651595 0.0135223550175167
0.00599999999999961 0.377545858570412 -0.00906727791350947 -0.00710284191041782
0.00699999999999967 0.435429061503589 -0.0276819340325601 -0.016044444465134
0.00799999999999972 0.521691896490405 0.0289041698293922 0.019607508139841
0.00899999999999977 0.569684793650462 -0.00111726299503415 -0.00987599330668242
0.00999999999999965 0.655350790104703 0.00425270417207149 0.043138138082768
0.0109999999999995 0.694495526899019 0.000615893725233453 0.00715215711472855
0.0119999999999996 0.742302960657552 0.00223690094540155 -0.0047950433863642
0.0129999999999996 0.818900288250192 -0.00761664494420921 0.0106019968679818
0.0139999999999997 0.912138684943858 0.00392158985007601 -0.0124560721911134
0.0149999999999997 0.967990901389503 -0.000375058109758526 0.00721464563607336
0.0159999999999998 1.01717136441481 -0.00820260432594907 -0.0205772850340362
0.0169999999999995 1.13069086945735 0.020736304364836 0.0309207719912336
0.0179999999999995 1.13326863787568 -0.0415700044720077 -0.00972806572953695
0.0189999999999996 1.24857767359359 0.0182749701513595 0.0459973237199843
0.0199999999999996 1.28692617249737 -0.0240703007515589 -0.00022029547987492
0.0209999999999997 1.35423030349561 0.0204872771812601 0.0139207227966971
0.0219999999999998 1.41202081593335 0.00147042762398073 -0.000867854048021037
0.0229999999999998 1.46913166639191 0.00185640063588383 -0.0145970018170404
0.0239999999999995 1.54264070044898 -0.000477358793997486 0.01949248653959
0.0249999999999996 1.58646374577441 -0.0359887378991365 0.00338245899309606
0.0259999999999996 1.66432996132664 -0.00859155374104564 0.0292963376112772
0.0269999999999997 1.70526076349072 -0.0402458652348071 -0.01691256485406
0.0279999999999997 1.83719458675135 0.0163927317014503 0.0283891560066918
0.0289999999999998 1.8305877784558 -0.0376147015280683 0.0282827834184572
0.0299999999999996 1.90139072903528 -0.0376426338982923 -0.00921289417408906
0.0309999999999995 1.99131494743475 0.054923687985866 0.0316933142662152
0.0319999999999996 2.0032902484642 -0.0217854938178031 -0.0718328282347889
0.0329999999999996 2.1171676076475 0.0454808430092156 0.0356848504036627
0.0339999999999997 2.09874376680563 -0.0495640138068902 -0.0563868514671498
0.0349999999999997 2.23017454080959 0.0230778949790215 0.0373776081324682
0.0359999999999998 2.25083530622688 -0.0147269742721093 -0.018133167770638
0.0369999999999995 2.29381864601146 -0.0333149528004093 -0.0215624840375392
0.0379999999999995 2.42565127184197 0.0322592815002166 0.0341403033593814
0.0389999999999996 2.4379117635596 -0.0213548174998436 -0.0554088583832639
0.0399999999999996 2.54744403632536 0.0430121128482192 0.0482321070565284
0.0409999999999997 2.58284451636775 -0.0397925893694602 -0.0349985769985991
0.0419999999999997 2.62967087378671 0.0321965778083499 -0.0138939884657156
0.0429999999999998 2.67218753610221 -0.0155047936688794 -0.00499203214313589
0.0439999999999995 2.74845890289841 -0.0319962948199247 0.00855477676523535
0.0449999999999996 2.81541490615156 0.0256558808474516 0.0269519749027314
0.0459999999999996 2.86801418787678 0.0362497345289956 -0.0198300007963296
0.0469999999999997 2.92995140089082 0.0146621539828163 -0.0109572914213622
0.0479999999999997 2.99991212335661 0.0149308875929982 -0.0034360699707009
0.0489999999999998 3.04793236849049 -0.0149888836241096 -0.029193413095418
0.0499999999999995 3.160678698403 0.0444515355535795 0.0745375679983092
0.0509999999999995 3.1382728755651 -0.0608588791084234 -0.0576432466850002
0.0519999999999996 3.25219919242874 0.0415899209790651 0.0398514741615875
0.0529999999999996 3.29226942281795 -0.0119448098761559 -0.0168507721261959
0.0539999999999997 3.32849367478645 0.0173223041313897 -0.0208585552308077
0.0549999999999997 3.38229900115411 0.00349454224075942 -0.0119834027662552
0.0559999999999998 3.45434578321926 -0.0334111125886577 -0.00412494576701539
0.0569999999999995 3.55660487083516 0.0341874759876053 0.069309536070537
0.0579999999999995 3.55867820527381 -0.0432630639421866 -0.0596371157319617
0.0589999999999996 3.68578306122239 0.0832823500215219 0.0308658488984604
0.0599999999999996 3.67294141774003 -0.033705525246189 -0.0697095922979716
0.0609999999999997 3.76812321030552 0.0207369161183326 0.047212434666554
0.0619999999999997 3.78433484255803 -0.00239992672228554 -0.0196032053194578
0.0629999999999996 3.86043204863265 -0.0188970977135189 -0.0148805145381744
0.0639999999999995 3.96601650956643 0.0225925907282183 0.0173577577224884
0.0649999999999996 3.97779443944144 -0.0383070704214063 -0.0655828407468858
0.0659999999999996 4.1031220526268 0.0694546422435549 0.0309207007981434
0.0669999999999997 4.06207302137337 -0.0756695300547314 -0.0450310270606346
0.0679999999999997 4.2276567304965 0.0357514805856416 0.06033573563627
0.0689999999999998 4.22064545192003 -0.0181479072730239 -0.0408456707378523
0.0699999999999996 4.27635899250491 0.01078272363388 -0.0710922330862993
0.0709999999999995 4.34494928680341 0.0359803442637221 0.0135570503533355
0.0719999999999996 4.3755221257693 -0.0398405601070013 -0.0136196808535127
0.0729999999999996 4.46473727833623 0.0204000798523045 0.0609681237447979
0.0739999999999997 4.51649481129861 0.0140828080880837 -0.0133183552665706
0.0749999999999997 4.55801114556146 0.0387483321112603 -0.0302592735804968
0.0759999999999998 4.61771423872465 -0.00319812427970031 0.0244440462650963
0.0769999999999995 4.6683949595138 -0.0144733415197764 0.0196275603463641
0.0779999999999995 4.70084669234249 -0.00440082807960751 -0.000877410049174726
0.0789999999999996 4.80446324407455 0.0401321854046027 0.0052173947900595
0.0799999999999996 4.82321837705368 -0.0113116843394058 -0.0426154908202315
0.0809999999999997 4.90056699981684 0.0122102987849079 0.0343466819420849
0.0819999999999997 4.94385080796444 -0.0193074204798392 -0.00208006110602255
0.0829999999999996 4.98738026420432 -0.00706665152636498 0.0316920055296017
0.0839999999999995 5.02867091342798 0.0118034646591047 -0.024770734119836
0.0849999999999995 5.09862765894758 0.0207221690478887 -0.0300101335303211
0.0859999999999996 5.13650859669588 0.00500294667582739 -0.019788392964585
0.0869999999999996 5.24736624550504 -0.0149360009252359 0.0268335672740106
0.0879999999999997 5.29455424250134 0.00559972393204545 0.0845748619622544
0.0889999999999998 5.33976049540272 -0.0235766067950282 -0.00378785767917507
0.0899999999999995 5.39398780599863 0.0654828789054391 -0.00356970001352181
0.0909999999999995 5.45198730580442 0.0138666109085255 -0.0420415084459868
0.0919999999999996 5.50127362900686 -0.0119070413386505 0.00121084598019941
0.0929999999999996 5.55198216191005 -0.0130826108580152 0.0221523767047897
0.0939999999999997 5.59972860969827 -0.0489699330371509 -0.0308967717255946
0.0949999999999997 5.64725803894458 -0.00761292030155449 0.00689133645159737
0.0959999999999996 5.71159746330927 0.0181927651233171 -0.0650187208036302
0.0969999999999995 5.77963145259027 0.0366467788018986 0.0208313851353248
0.0979999999999995 5.81288994754676 -0.0332415804216617 -0.0313121941017753
0.0989999999999996 5.93647799727718 0.0312733477612465 0.0243989907465911
0.0999999999999996 5.90723925950951 -0.0551825245181351 -0.00322375117565893
0.101 6.00238805694478 -0.006360198657065 0.00586343314890458
0.102 6.03723928296587 0.0473256618382455 -0.00635263471979239
0.103 6.08885243473996 0.0130657005842842 -0.0448681649959615
0.103999999999999 6.17800131448174 0.040521249887888 0.0378079708882148
0.105 6.19942723400431 -0.0742877677008834 -0.0351153613318157
0.106 6.29457657146378 0.0611323586843397 0.0850247261783603
0.107 6.28863380445237 -0.0330533267057913 -0.0516693049603362
0.108 6.35277340615157 0.071011372353395 0.0403458264924748
0.109 6.36256025530398 -0.0323313975354598 -0.0611061951653561
0.11 6.46245889756316 0.00237057750125487 0.0338289767413283
0.111 6.49239126902656 -0.0263721041535312 0.0147386105071912
0.112 6.55656170653804 0.0200305297075199 0.0242801498206791
0.113 6.60473662498735 0.00289125256504875 -0.0305018861510029
0.114 6.65111840467584 -0.0230126163653123 -0.0138583974323789
0.115 6.69047646334399 0.0262885135399044 0.0818234136626915
0.116 6.73444295384638 -0.00241468259830006 -0.02968402704453
0.116999999999999 6.7984573169971 0.0210542826129676 0.0101285390926946
0.118 6.88925967143378 0.0293893155089969 -0.0103280319857144
0.119 6.9275713458762 0.0074536116302749 0.00677613930435613
0.12 6.96636046062096 -0.0235788690442201 0.0119265514794103
0.121 6.98201693946484 -0.00766145824947125 -0.00611054182796929
0.122 7.07062857850465 -0.0311375880263852 -0.0437867233430801
0.123 7.08595660294909 0.042425995007004 0.0311109924600212
0.123999999999999 7.10219318046221 -0.0284122079330251 -0.0760247834444971
0.125 7.2157719010099 0.0120935019149754 0.0260459084597873
0.126 7.21370242504991 0.0240182723762619 -0.0273955469599865
0.127 7.25544787030358 0.00521231311734075 0.0212583600346694
0.128 7.30832793487132 -0.0165590303263637 -0.0423216453689687
0.129 7.31263512039512 0.0103223205198784 -0.00967616080292911
0.129999999999999 7.44429933250159 0.0418090672445063 0.0083882824330661
0.131 7.41534981275572 -0.0302719159414941 -0.061235619200276
0.132 7.58335310473775 0.0509775949453885 0.106268086782894
0.133 7.5143774378478 -0.0816799477794804 -0.0819427360025825
0.134 7.59075493020997 0.0425660874930265 0.0989942929624223
0.135 7.61020687046382 -0.0774819493499362 -0.0306877475668678
0.136 7.70761365134639 0.0752745061633751 0.0209496614905733
0.136999999999999 7.68526541891988 -0.0215448958864126 -0.0146455091555864
0.138 7.74539100626096 -0.00854362763010456 0.00922707312583189
0.139 7.8209620226117 -0.0013417699907689 0.0460297046185537
0.14 7.79266758069592 -0.0124988491325491 -0.0335623353828344
0.141 7.82307161644599 0.00293951316062886 0.0380131005930369
0.142 7.78559667975222 -0.0565165378250729 -0.0107993063081206
0.143 7.91582223191906 0.0433587729073798 0.0186987126265288
0.143999999999999 7.9256099549929 0.0122988170691094 -0.0126009767855034
0.145 7.93732310126205 -0.0159700752513787 0.0161089909881975
0.146 7.98280556133969 -0.0220488266493108 -0.0209750104807282
0.147 7.9750499140145 0.0142691070435369 0.0166332253004508
0.148 7.98217553274667 -0.0538407352334272 -0.0112975839526824
0.149 7.96040642368549 0.0303488220386591 0.00760271917809745
0.15 7.8656144597939 0.00318688454372179 0.00627417531107302
0.150999999999999 7.72354702280826 -0.0228767611765575 0.00288705002933708
0.152 7.48728669318611 -0.0121783788093323 -0.0291084471675067
0.153 7.12290715604714 0.047653447588046 -0.000507659082801377
0.154 6.41244373070837 0.0418233950111443 -0.0533465453261262
0.155 5.5662937743098 -0.0205248831402148 0.103074104359783
0.156 4.61476721068075 -0.0397401944952735 -0.0330095677933144
0.156999999999999 3.90514834353651 0.113542575053158 0.0260148993222889
0.158 2.90095246898812 -0.0913940921478139 -0.0209249228830495
0.159 2.22389760406184 0.100894935052718 0.0358856726287283
0.16 1.73588495162997 -0.0491997872529617 0.0129524466684236
0.161 1.48191240214395 -0.0284252436157912 -0.018336141096287
0.162 1.49595162034041 0.141663306047489 0.0631580170492158
0.162999999999999 1.41633397119398 -0.0482925426947163 -0.126339133174256
0.163999999999999 1.50949426296091 -0.00452771594200483 0.0896067579025897
0.165 1.59347316873675 0.0512186533360869 -0.0248448654004417
0.166 1.67301659487905 -0.0369618059615231 0.0307686342533441
0.167 1.74417502286752 0.0841971180749107 0.0410400092023906
0.168 1.6802900623104 -0.0380031321115896 -0.145064988451512
0.169 1.65711987218243 0.116498033283499 0.0127262006214984
0.169999999999999 1.65513472023251 -0.0941604138585853 0.0385618979404092
0.170999999999999 1.66673968523238 0.00705007156431049 0.0402828264893006
0.172 1.59603231425927 0.0172018113863515 0.026424936066988
0.173 1.54640816539512 -0.0836964099639111 -0.0281250518249373
0.174 1.65958054982428 0.0441437478670742 0.0815106376102822
0.175 1.62331731211767 -0.000496550094998564 -0.0321883339545594
0.176 1.6996647707568 -0.0353714108506209 0.0247321091276388
0.176999999999999 1.74921581086115 0.0875011554837958 0.066294087068592
0.178 1.63482477820329 -0.0900271602481919 -0.0547657603532276
0.179 1.70544410757454 0.00624224526471722 0.103034409385961
0.18 1.64824325697625 0.0200841072041021 -0.062332066295273
0.181 1.69968212992817 0.084298830355837 0.00236108898815861
0.182 1.64239958986233 0.0223021151673152 0.0483660829006878
0.183 1.69982079671174 -0.057125375914605 -0.014649629354506
0.183999999999999 1.73103779397907 0.0101991026763219 0.0480311487993796
0.185 1.74161552764854 -0.00374109259850129 -0.0896526579254685
0.186 1.74505792695034 0.0371734420885521 0.014668514174801
0.187 1.77996330194873 -0.0539587185319938 0.00827292030760393
0.188 1.7319195096306 0.0725360686575116 0.0183974428189432
0.189 1.6077933636013 -0.0282208132321516 -0.0329572787919849
0.19 1.59336635481119 -0.0315384656083906 0.0370773479668182
0.191 1.55190951754276 0.00688435110816027 -0.0137172469207425
0.192 1.54954385453035 0.00849311833249049 -0.0349608685694053
0.193 1.56968072888665 -0.05108714132746 0.0686219342765574
0.194 1.52213383852906 -0.0136234042918311 -0.0285434585147043
0.195 1.57077790727518 0.119456475626519 0.0248854187852728
0.196 1.58280459774309 -0.0795549928052669 -0.0396281584410117
0.197 1.69028291591875 0.0155519622615178 0.0659550657833506
0.198 1.69113856224929 0.0591315433041293 0.0389772723531486
0.199 1.61991589402561 -0.106149412158783 -0.0512534750054053
0.2 1.78925720173376 0.0624366826835866 0.121833565117362
