# Fix print output for fix gb_fracture
0 0.0732871995982722 0.0194177469728064 0.0730998563221522 -0.000809884307415656 2.80072920186775e-16 -4.85257273145974e-16 -953.839110521803
0.00100000000000003 0.112532380506287 0.145119595325398 0.112361151284861 -0.000815207604299213 2.20405707317176e-16 -1.40273650228126e-15 -953.837393300966
0.00200000000000005 0.151521819198664 0.267733959975966 0.151362126501314 -0.000818648600222704 8.06811175160135e-16 -7.97435217846558e-16 -953.82984990607
0.00300000000000008 0.190482736937097 0.390274561847975 0.190323873594899 -0.000821680256496122 -1.4476588003491e-13 -3.23016839159008e-13 -953.816563989985
0.0040000000000001 0.229429068688479 0.512679471487249 0.229270590384551 -0.000824978497051264 -2.63944110115817e-13 1.53914270285469e-12 -953.797552679762
0.00500000000000013 0.268343835630333 0.634877928237704 0.268185347413101 -0.000828112660053844 -5.28638579658512e-14 -2.53943896155573e-14 -953.772836185411
0.00600000000000015 0.307240426755979 0.756817565407101 0.307081737137718 -0.000831229349830014 -6.14891935291924e-12 -1.7924174647992e-12 -953.742437506802
0.00700000000000018 0.346100302038777 0.878427652305827 0.345941396448065 -0.000834397628286069 -7.28096811197731e-12 7.59327913374125e-13 -953.706382589575
0.0080000000000002 0.384933009053859 0.999681588459089 0.384773768492844 -0.000837224197923452 2.34324518652466e-12 1.74290756713808e-12 -953.664699300218
0.00900000000000023 0.423733252376575 1.12054565048862 0.423573627576973 -0.000840599538149704 3.24320943518011e-12 4.39414116633906e-13 -953.617417052364
0.0100000000000003 0.462501385585678 1.24096756281879 0.46234143235425 -0.000843357418326893 2.4828471321549e-13 1.08558816387518e-12 -953.564566859178
0.0110000000000003 0.501239675469917 1.36086543802814 0.501079372333167 -0.000846494625186363 3.46652096975468e-12 -1.07620504123619e-12 -953.506182987526
0.0120000000000003 0.539946286338071 1.4796925457661 0.539785622407128 -0.000849168309148547 5.02912488819476e-12 -7.97149398772062e-15 -953.442311566579
0.0130000000000003 0.57861876190833 1.59698255141613 0.578457738833231 -0.000851969039126655 -2.32060902789112e-12 1.23533766915312e-12 -953.373027743075
0.0140000000000004 0.617264214630892 1.71268263794248 0.6171027960058 -0.000854820321262374 1.69745566766239e-12 -7.38218904415526e-13 -953.298415954552
0.0150000000000004 0.655869370091045 1.82673157711033 0.655707603663733 -0.000857504068116733 -4.94850781449619e-12 5.59380004042272e-13 -953.218562480474
0.0160000000000024 0.694454619609159 1.93911656977985 0.694292474811125 -0.000860261932503265 -1.02995114683523e-11 -1.2660070085769e-13 -953.133555363919
0.0170000000000025 0.733003255718893 2.049788617758 0.732840835619965 -0.000862738607734734 -1.38305544963667e-11 5.5350038810312e-13 -953.043483694824
0.0180000000000025 0.771507896823016 2.15871635739634 0.771345171313045 -0.000864931893993345 -9.1847844865002e-12 -1.97559732176056e-13 -952.948437740165
0.0190000000000025 0.80998124335228 2.26588875946389 0.80981816721286 -0.000867342107439501 -2.28730595377378e-11 1.06123615642431e-11 -952.848508554415
0.0200000000000025 0.84842534694864 2.37128113664298 0.848261941638008 -0.000869636957913478 6.93116515520075e-12 2.82013679339122e-12 -952.743788063914
0.0210000000000026 0.886824393309483 2.47484613225524 0.886660609387102 -0.000871745779077138 -4.02680568048619e-12 1.09570171303788e-12 -952.634369139167
0.0220000000000026 0.925200962358112 2.57655974724172 0.925036867298947 -0.00087405397949739 -1.03143883288503e-11 1.19803446901028e-12 -952.520346381278
0.0230000000000026 0.963532441120169 2.67637118085126 0.963368000061763 -0.000876161488136294 -2.99653236667696e-11 4.88607199729779e-12 -952.401815759869
0.0240000000000026 1.00182910819658 2.7742692283423 1.00166441639578 -0.000878094934001493 1.1274296868646e-11 4.10157453864671e-12 -952.278874032009
0.0250000000000027 1.04009563910057 2.87027104930309 1.03993060837212 -0.000880053942898371 1.71029636002062e-12 3.76361888919399e-12 -952.151618248226
0.0260000000000027 1.07832352110128 2.96440865803613 1.078158194017 -0.000882310829818459 2.07003299123331e-11 3.07522587130527e-13 -952.020143217325
0.0270000000000027 1.11652703172543 3.05667337634903 1.1163613699922 -0.000883998230995887 3.54753927488062e-11 -4.08595516137895e-13 -951.884543201313
0.0280000000000027 1.15468246075771 3.14702752442938 1.15451652051423 -0.000885926011219299 -2.95552339644309e-12 4.64728508666279e-12 -951.744913165122
0.0290000000000028 1.19281866586695 3.23547559438332 1.19265244250132 -0.000887086011345901 -4.39790129291613e-11 2.82434214470732e-12 -951.601348719825
0.0300000000000028 1.23091948529556 3.32197921305772 1.23075297454221 -0.000888678610386511 -7.08132041439748e-12 5.10173519207573e-12 -951.453946129917
0.0310000000000028 1.26898920357168 3.40651351841142 1.26882243122007 -0.000890025305609394 -5.90546942416753e-11 7.43206669569223e-12 -951.302802455015
0.0320000000000028 1.30702311002308 3.48906216122688 1.30685598479939 -0.000892193098431118 -7.3484927043286e-11 2.91012505529377e-11 -951.148015519852
0.0330000000000029 1.34503140019785 3.56961382512208 1.34486410771182 -0.000893332390466241 -1.03882883989962e-10 5.89352040197298e-12 -950.989683355155
0.0340000000000029 1.38301198920727 3.64814667933954 1.38284437908431 -0.000894687443498767 -1.05208111993746e-10 -1.0369943481055e-11 -950.827904765434
0.0350000000000029 1.42095733684655 3.72462952638087 1.42078942701686 -0.000895717483614394 -1.37182226305094e-11 6.73387421204601e-12 -950.662779180469
0.0360000000000029 1.45888101390416 3.79905844923409 1.45871282258768 -0.0008970291184257 -2.66323847272526e-11 2.06303318757018e-12 -950.494406667848
0.037000000000003 1.49677348162774 3.87139578203167 1.49660494720688 -0.000898429015849786 -4.64480566524095e-11 -1.98302226616249e-12 -950.322888011887
0.0380000000000028 1.53463291887612 3.94162128147984 1.5344640626166 -0.000899491871313913 -3.88378049022119e-11 -4.95609100143781e-12 -950.14832468509
0.0390000000000029 1.57246914681214 4.00972812181249 1.57229999648481 -0.000900504795014988 2.55885021290313e-11 1.81536222615794e-11 -949.970818785199
0.0400000000000029 1.61027281078459 4.07567846169619 1.61010338129717 -0.000901247098406036 -2.03163435574492e-11 6.29595905766946e-15 -949.790473042776
0.0410000000000029 1.64804478584299 4.13945451215509 1.64787509234452 -0.000902083538688555 -4.70262901559417e-12 -2.39639445418873e-12 -949.607390977112
0.0420000000000029 1.68579599091872 4.20108534376063 1.68562605110687 -0.000902999490339411 -1.70967176421191e-11 3.20034380631982e-12 -949.421675775057
0.043000000000003 1.723511086113 4.26055043998982 1.72334087772469 -0.000903798885255297 -8.28376088120279e-12 -1.27598336458384e-12 -949.233429320804
0.044000000000003 1.76120010833552 4.31791244591125 1.76102962190224 -0.000904373560894597 5.52306518107344e-12 1.90170038793311e-13 -949.042752341159
0.045000000000003 1.79885627410771 4.37314027089625 1.7986855247824 -0.000905089008256488 -2.25695629529352e-11 1.52540490431202e-11 -948.849744368097
0.046000000000003 1.83648048749069 4.42619478187484 1.83630946736815 -0.000905733006413331 9.01356675822507e-12 4.45052977639307e-12 -948.654506196639
0.0470000000000031 1.87407778097746 4.47704097541746 1.87390651206423 -0.000906124723184306 -5.667136777796e-11 -3.14536685667475e-11 -948.457140277494
0.0480000000000031 1.9116441000164 4.52562959497474 1.91147258351073 -0.000906399858120844 -4.61136718781057e-11 -2.81344557831119e-11 -948.257750780128
0.0490000000000031 1.94917166863665 4.57219942655008 1.94899995460535 -0.000906578617481285 1.11673025573948e-11 2.09482071472873e-12 -948.056440403435
0.0500000000000031 1.9866697262437 4.61829256948134 1.98649762742776 -0.000907291029327436 2.13773587315659e-12 -8.03975425182223e-12 -947.853269864145
0.0510000000000032 2.0241402454013 4.66433490926051 2.02396802322213 -0.000907387778282921 3.51058698910649e-12 -3.77467881707003e-12 -947.6482497565
0.0520000000000032 2.0615704582371 4.71034275555571 2.06139796236485 -0.000907745188327862 -1.16687335950892e-12 3.03422893598968e-12 -947.441385225521
0.0530000000000032 2.0989709305378 4.75634993109272 2.09879816586487 -0.00090795673373138 -5.66227564140901e-12 -1.2863619950593e-11 -947.232680478785
0.0540000000000032 2.13634319999519 4.8023692036611 2.13617020773901 -0.000908562622545582 2.01839171914838e-12 -9.5997077590678e-12 -947.022138540532
0.0550000000000033 2.17368324108322 4.84839805171477 2.17351002513923 -0.000908782631662508 3.72283560165173e-11 4.30149323091761e-12 -946.80976229731
0.0560000000000033 2.21099973725127 4.89446257279358 2.21082629241384 -0.000910461075191774 -1.94798108457119e-11 2.3462661710811e-11 -946.595554543206
0.0570000000000033 2.24835680345913 4.94087453487677 2.24818314913629 -0.000913393635663937 2.22892798986641e-11 2.27461171019681e-12 -946.379511053392
0.0580000000000033 2.28579553050333 4.98782082372727 2.2856216805551 -0.00091659883504253 2.55923152631375e-11 -1.7472025068552e-11 -946.16161456774
0.0590000000000034 2.32329360448384 5.03529550299762 2.32311956760697 -0.000919557886261657 1.65177990486253e-11 -1.16981062934557e-11 -945.941844754355
0.0600000000000034 2.36086917003899 5.083317410238 2.36069493610652 -0.000922681899317024 -1.14526695961239e-11 4.88478136538806e-13 -945.720181040871
0.0610000000000034 2.39851935630436 5.13189911878694 2.39834488731069 -0.000925846240502074 -1.43252678653341e-11 -7.98161230053456e-12 -945.496602607597
0.0620000000000034 2.43623531162815 5.18104622976659 2.43606063538799 -0.000928904096640436 6.63076633806561e-12 5.37907623766963e-12 -945.271087987439
0.0630000000000035 2.47402544641923 5.23077018690145 2.47385061273468 -0.000931781368579377 -1.96363641624102e-12 -1.57989072151408e-11 -945.04361554761
0.0640000000000035 2.5118927501245 5.28108670013697 2.51171770287073 -0.000935306315298287 -2.09744703723058e-12 -1.02036615653546e-11 -944.814163429275
0.0650000000000035 2.54982800201508 5.33197583060123 2.54965280788622 -0.000938412986417634 -2.92650257137823e-11 -1.45111773217486e-12 -944.58270953854
0.0660000000000035 2.58783422447339 5.38345162618143 2.58765875302274 -0.000941740974605663 -6.37593941975822e-12 -3.05833713977e-13 -944.349231970929
0.0670000000000036 2.62592106076165 5.43551672096367 2.62574539617499 -0.000944771099327573 5.73693700728304e-12 -1.66901539696188e-12 -944.113708824413
0.0680000000000036 2.6640700180361 5.48814517453908 2.66389416201405 -0.000948020177114534 1.76625278533466e-12 5.52719149299495e-12 -943.876118464303
0.0690000000000036 2.70230000397741 5.54135631879687 2.70212396895412 -0.00095107964388472 1.62369430313147e-11 -6.69454836558597e-12 -943.636439646937
0.0700000000000036 2.74060365906663 5.59514361517785 2.74042744959979 -0.000954205329350614 -2.85645750311893e-11 -2.19923366192532e-11 -943.394651105258
0.0710000000000037 2.77898011515392 5.64950563257543 2.77880373271391 -0.000957417630329372 -1.89306639808081e-11 1.8857997011807e-11 -943.150731674916
0.0720000000000037 2.81742449266127 5.70443428939757 2.81724791814499 -0.00096052026162743 -2.86242878485763e-11 -1.26740942750243e-12 -942.904660319639
0.0730000000000037 2.85594053751546 5.75993563155627 2.85576373155422 -0.000963828861421 -8.23733724401411e-12 -3.52848728694506e-12 -942.656416001254
0.0740000000000037 2.89452529583505 5.81600711729658 2.89434835553102 -0.000967044705358599 -1.9989919454713e-12 1.44701495814883e-12 -942.40597779142
0.0750000000000038 2.93318373810898 5.87265102716418 2.93300654833952 -0.000970338297856677 3.25880469646346e-12 -1.07766621186037e-12 -942.153324850904
0.0760000000000038 2.97191168467656 5.9298638335587 2.97173435518684 -0.000973529915345491 -7.00950364797597e-14 5.09584922460159e-13 -941.898436396268
0.0770000000000038 3.01070725954937 5.98763259920561 3.01052974992427 -0.000976567966453208 3.1189504326323e-11 1.03557522464295e-12 -941.641292165786
0.0780000000000038 3.0495821675691 6.04596849399075 3.04940445404215 -0.000979889543515464 2.49465078954695e-11 -3.98301583381511e-12 -941.381872128114
0.0790000000000039 3.08851181313059 6.10484846092828 3.08833395743518 -0.000982865096315799 4.37591402496074e-12 -4.20027199356825e-12 -941.12015625754
0.0800000000000039 3.12751687909604 6.1642867598017 3.12733883350832 -0.000986364738718995 -1.82076257015324e-11 9.43306158283584e-12 -940.856124766674
0.0810000000000039 3.16658735021482 6.22427273860636 3.16640908026395 -0.00098959462847649 -1.29738120785931e-11 -3.92884422704895e-12 -940.589757945007
0.0820000000000039 3.2057308831321 6.28481039597179 3.20555240244478 -0.000992768201594732 -8.13762004766904e-13 -5.69811511046513e-12 -940.321036513593
0.083000000000004 3.2449393506917 6.34588593293626 3.24476076864936 -0.000995771956580633 6.3698040974712e-12 -4.82828509681599e-12 -940.049941279166
0.084000000000004 3.28421409355136 6.4075018174983 3.28403532781099 -0.000998914499388963 2.66261452000947e-11 6.1250811712512e-12 -939.77645327169
0.085000000000004 3.32355342279639 6.46960705073526 3.3233745129633 -0.00100214487722857 7.79379727941848e-12 6.73313521095006e-12 -939.500554122312
0.086000000000004 3.36295276114825 6.53194391955835 3.36277368081524 -0.00100530797632213 -1.53613834939565e-11 4.04515290061076e-13 -939.222232238248
0.0870000000000041 3.40242865726128 6.5944461322104 3.40224943278291 -0.00100839491663756 -8.89618955799268e-12 4.90283877936128e-12 -938.941484432068
0.088000000000004 3.44196118082061 6.65710594241805 3.44178176137572 -0.00101153889608122 -3.23663434625634e-11 5.14992809895691e-12 -938.658308444766
0.089000000000004 3.48156569163876 6.71993373442054 3.48138615158954 -0.00101454781283346 -1.43689489891088e-11 -2.51338369472458e-12 -938.372702167339
0.090000000000004 3.52120853006684 6.78290400333418 3.52102887622712 -0.00101734772905394 1.5532946090733e-11 -1.34103286423326e-11 -938.084663568895
0.091000000000004 3.5609085075028 6.84603262676996 3.56072888353538 -0.00101999048912621 1.31336796138432e-11 3.62780179349077e-12 -937.794190881465
0.0920000000000041 3.60065056318301 6.90929552476487 3.60047090160065 -0.00102206552323528 1.89949098118035e-11 -9.23268399216199e-12 -937.501282843746
0.0930000000000041 3.64042822496977 6.97268453055751 3.64024854810632 -0.00102478127739349 -1.5814982315044e-12 -1.4943102661054e-11 -937.205938540779
0.0940000000000041 3.68026144232567 7.03622000495454 3.68008167782036 -0.00102728936318185 1.06723376998957e-11 2.64065956375159e-12 -936.908156964327
0.0950000000000041 3.72013543762379 7.09988611996566 3.71995567382268 -0.00102971194021776 1.99241445983549e-11 4.1942802095212e-11 -936.607937143741
0.0960000000000042 3.76005298309164 7.16368305789851 3.75987311945592 -0.00103211450795919 3.57978208602174e-11 1.25607250918553e-11 -936.305278231064
0.0970000000000042 3.80001116553309 7.22761023228232 3.7998312059039 -0.00103466386534914 5.25961368782383e-11 -3.75472635911754e-11 -936.00017945161
0.0980000000000042 3.84001612117136 7.29166660646596 3.83983621927531 -0.00103731591876241 4.80840633378874e-11 5.15142941128222e-11 -935.69264010419
0.0990000000000042 3.8800541949974 7.35584412210483 3.87987422561124 -0.00103926992287237 2.39269493316458e-12 8.41060354825181e-12 -935.382659616692
0.100000000000004 3.92013964335405 7.42014665305969 3.9199596882968 -0.00104181952291363 1.05758689167265e-11 2.10094626210265e-11 -935.070237597459
0.101000000000004 3.96025656667641 7.48455860562949 3.96007657732727 -0.00104416749121001 1.28150242075294e-11 -1.6506768005347e-11 -934.755373834666
0.102000000000004 4.00041850077229 7.54909436293761 4.00023847053743 -0.00104637482986216 3.64581364388419e-11 2.80484547290563e-12 -934.43806817787
0.103000000000004 4.04061557698286 7.61373344290054 4.04043554640186 -0.00104846735960582 2.85989630256364e-11 2.19583260548486e-11 -934.11832076623
0.104000000000004 4.08084556399088 7.67847163116135 4.08066556638302 -0.00105081740225567 3.33408910003528e-11 -7.59220985282588e-11 -933.796131850297
0.105000000000004 4.12111384247338 7.74331626150585 4.12093382593071 -0.00105241402794917 2.1942553039904e-11 2.01736260226375e-11 -933.47150191718
0.106000000000004 4.16142198690068 7.80825374476171 4.16124183766565 -0.00105522734331175 -1.37176593882957e-11 -5.19044498525806e-11 -933.144431796547
0.107000000000004 4.20176004836381 7.87333731355516 4.20157991767503 -0.00105723725376992 4.14524698860643e-13 1.51385311356645e-11 -932.814921390808
0.108000000000004 4.24212565378302 7.93859972508121 4.24194557054937 -0.00105932080238795 -3.85791413739295e-12 5.80671111509001e-12 -932.482968076669
0.109000000000004 4.28252240243527 8.004046867319 4.28234222894939 -0.00106147804182593 2.50196204494608e-11 1.82801095875375e-11 -932.148568786322
0.110000000000005 4.32295700350429 8.06969233615628 4.32277674778101 -0.00106362747486227 1.07655464560081e-11 -3.73836867942268e-11 -931.811720299362
0.111000000000005 4.36341461760294 8.13552031687264 4.36323438695819 -0.00106542522313011 6.56243461621809e-11 7.3416516423961e-12 -931.472419301709
0.112000000000005 4.40390652682925 8.20154096659131 4.40372632858918 -0.0010676905648135 7.29979097225786e-11 4.08839427784535e-11 -931.130662529655
0.113000000000005 4.44441212802136 8.26773528846212 4.44423197455844 -0.00106957212997979 1.52618723627436e-12 7.6233369473763e-11 -930.786446903638
0.114000000000005 4.48494045927489 8.33410905987894 4.48476030373528 -0.00107138055712559 8.13240766569071e-11 -1.16918992558879e-11 -930.439769600703
0.115000000000005 4.5254877052274 8.4006627354938 4.52530759591585 -0.00107315239554882 2.27306457452384e-11 3.23613559519673e-11 -930.090627932121
0.116000000000005 4.56605289179052 8.46739168812544 4.56587281954962 -0.00107501521744309 -2.37348184276184e-11 -2.83467317042803e-11 -929.739019254653
0.117000000000005 4.60663482181165 8.53429341750573 4.6064547763021 -0.00107663732304161 6.130729654584e-11 1.83843732101465e-11 -929.384941018373
0.118000000000005 4.64721938146889 8.60135365597184 4.64703933364628 -0.0010786695682986 1.68795340114372e-11 -4.92686199960345e-11 -929.028390781133
0.119000000000005 4.68783152199314 8.66860078308708 4.68765144463687 -0.00108038823485402 1.71091611377633e-11 1.15324617542915e-11 -928.669366111136
0.120000000000005 4.72844721525465 8.73601540123837 4.72826719776304 -0.00108185097598823 -1.12569860269969e-10 -4.56110784102655e-11 -928.307864503249
0.121000000000005 4.76907693825021 8.80361017467251 4.76889696822214 -0.00108352239932824 -4.6019882906791e-11 6.15052224464892e-12 -927.943883494165
0.122000000000005 4.80970671714381 8.87138396998322 4.80952681827404 -0.00108519454161653 -7.27835233128679e-11 -9.93712130500922e-12 -927.577420353303
0.123000000000005 4.85033640911822 8.93954272463209 4.85015656229502 -0.00108666454091211 -6.10978778651674e-11 2.01139095258261e-11 -927.208469080828
0.124000000000005 4.89095398099203 9.00824151794595 4.8907741361626 -0.00108814755728496 7.18822072714867e-11 3.32930651600916e-11 -926.837013897271
0.125000000000005 4.93156907617761 9.07749828561145 4.93138926945209 -0.00108944415427882 8.19481682852367e-12 2.12259013382266e-11 -926.463036697967
0.126000000000005 4.97215730319672 9.14728811223545 4.97197756396445 -0.00109085486232328 1.99722705114284e-11 -1.57999736378654e-11 -926.086519606414
0.127000000000005 5.01272414256612 9.21759816375987 5.01254439510779 -0.00109226568465552 2.99803416479545e-11 -7.89791590094961e-12 -925.70744531658
0.128000000000005 5.05324685547373 9.28838148096629 5.05306715745745 -0.00109356727410106 1.86084621254634e-11 1.2294450960826e-11 -925.32579838576
0.129000000000005 5.0937175221721 9.35961870463965 5.09353787990148 -0.00109485264624025 -9.52188425172676e-13 -3.08974198694548e-11 -924.941564386604
0.130000000000005 5.1341097257348 9.43127173562027 5.13393015024201 -0.00109570215968179 -1.5873017347172e-11 -3.82901893005944e-11 -924.554730139555
0.131000000000005 5.17439732277255 9.50329127333718 5.17421788457518 -0.00109601711645728 1.55784775233358e-11 -4.04241030780258e-12 -924.165284284973
0.132000000000005 5.21456067217678 9.5756339878059 5.21438134240633 -0.00109678890401749 5.1135796511331e-12 -4.96600276233391e-11 -923.773217518787
0.133000000000005 5.25455110595378 9.64821663177844 5.25437188893771 -0.00109687357215364 -9.02865602794704e-12 5.17364028453068e-12 -923.378523139274
0.134000000000005 5.29439378806934 9.7210514027209 5.29421459653612 -0.00109692579045531 -8.82798498147029e-12 -1.711135918817e-11 -922.981196590555
0.135000000000005 5.33410764646784 9.79415271478568 5.33392887900628 -0.001094530196907 -5.28424518042979e-12 1.27812961177191e-11 -922.581231492181
0.136000000000005 5.3735228074663 9.86727674326193 5.37334475217674 -0.00108984164795646 -1.75089844893825e-11 8.56050441060854e-11 -922.178626903107
0.137000000000005 5.41260041958308 9.94033120545802 5.41242306748405 -0.00108457155717529 1.68731276398755e-11 8.42320023001839e-11 -921.77338876476
0.138000000000005 5.45130513960201 10.0132108703506 5.45112857467794 -0.00107894152411773 -1.04016051133468e-10 -3.87156243238714e-10 -921.365527289353
0.139000000000005 5.48955626003832 10.085738261481 5.48938044291854 -0.00107257820328396 8.60098107631058e-12 -1.3440788063525e-11 -920.955058235599
0.140000000000005 5.52723666498306 10.1576274092573 5.52706159500664 -0.00106558664054574 -9.73176041163122e-12 4.96890814498385e-11 -920.542006343107
0.141000000000005 5.56417854059022 10.2284437875297 5.56400412679528 -0.00105690166788449 4.7173432730748e-11 3.52964783941822e-11 -920.12641089189
0.142000000000005 5.60015755919684 10.2976919127362 5.59998399137107 -0.00104715625281457 -2.44382494960539e-11 6.01542357106829e-11 -919.708331215796
0.143000000000005 5.63465696663122 10.3642014272978 5.63448426893296 -0.00103322537969783 -2.01179417928517e-11 -3.54873604400477e-11 -919.287854999018
0.144000000000005 5.66555283526882 10.423156148702 5.66538115605185 -0.00101141873783196 3.51080108719373e-11 9.42187475129073e-11 -918.865171174664
0.145000000000005 3.62366976459622 6.8538111161982 3.6238195320168 -0.000172731709075007 -0.000377723040879346 6.12846005085921e-05 -931.107591259311
0.146000000000005 0.144898652545348 0.26462264584837 0.144756589137255 -0.000173669877188597 4.33141699466058e-05 -2.35627189761878e-05 -949.204632320794
0.147000000000005 0.0786355693614331 0.0457779686777395 0.0784706420628404 -4.93661951430733e-05 -1.10162933519654e-07 2.7438294852858e-07 -949.219191016641
0.148000000000005 0.0786367023731369 0.0457859782334066 0.0784746426847098 -3.87205607771937e-05 -5.7703107255938e-08 1.2972530669267e-07 -949.219191017632
0.149000000000005 0.0786362929042494 0.0457851151643337 0.0784745327990258 -3.43088727806334e-05 -2.56277873246725e-08 5.77769999466051e-08 -949.219191017689
0.150000000000005 0.0786359630853147 0.0457842932614102 0.0784743282581924 -3.27100121400794e-05 -1.0568944782852e-08 2.37043999853984e-08 -949.219191017665
