# Fix print output for fix def1
1.94864007605638e-16 -0.0127858480855562 -0.0136269892544883 -0.0165487020117525
0.00100000000000037 0.0690683268646621 0.0166864869819699 0.00884828070686024
0.00200000000000035 0.0769989892697279 -0.0627322682382526 -0.0555331690970672
0.00300000000000033 0.122488243419412 -0.0483570699113528 -0.0554268032547001
0.00400000000000031 0.225331013296309 0.0372996789820079 0.0623957312515176
0.00500000000000029 0.225900447647698 -0.0248530606015066 0.00611798577375576
0.00600000000000027 0.314369393034655 -0.00237992106688571 -0.001035772444379
0.00700000000000025 0.399144990592637 0.0995417152473793 0.0994102445650892
0.00800000000000023 0.302051547836983 -0.0687753088924445 -0.116445929131092
0.00900000000000021 0.470770560961136 0.0908201972650381 0.0698161620751217
0.0100000000000002 0.333121169170535 -0.156805023170786 -0.123784339474637
0.0110000000000004 0.579184817440857 0.131601481874627 0.10446279798543
0.0120000000000003 0.492056115147961 -0.110740950921945 -0.0819725402805707
0.0130000000000003 0.600204018766218 0.012175027659192 -0.020154734162004
0.0140000000000003 0.635392600942892 -0.0146031970926465 -0.0253247706508637
0.0150000000000003 0.686786058453906 -0.00577814514277846 -0.02737741258426
0.0160000000000003 0.802760331169605 -0.0357619499072028 0.0317381544409479
0.0170000000000003 0.75031820148637 -0.0145639324688786 0.00262773701757626
0.0180000000000002 0.867672082938297 0.0421100219946565 0.0218016995223656
0.0190000000000002 0.87093389484396 0.00329738854178998 0.0306762099143416
0.0200000000000004 0.91040492529115 -0.00282352048999118 0.0098255532929536
0.0210000000000004 0.987761921381204 0.0140686965700859 -0.00267558099999484
0.0220000000000003 0.944937673431833 -0.0268027937017681 -0.0490222135109228
0.0230000000000003 1.04295783758153 0.0279270333173407 0.0138650305527
0.0240000000000003 1.12973021994063 0.0505710774572001 0.0687159053243563
0.0250000000000003 1.0499565255174 -0.060577316333932 -0.0557368827923966
0.0260000000000003 1.21595960455199 0.0569908287072377 0.0644442213378027
0.0270000000000002 1.20136009682245 -0.0450925095842157 -0.0224996869263309
0.0280000000000002 1.26360644484265 0.0472098981352846 -0.0134004648363803
0.0290000000000002 1.27793471471796 -0.054601392473045 -0.0748122902518334
0.0300000000000004 1.37554393680254 0.0397814783265504 0.0339074974385698
0.0310000000000004 1.38951796720966 -0.0292457967891386 -0.0190063116380262
0.0320000000000003 1.41104198210192 -0.094109392880176 -0.0280340073392378
0.0330000000000003 1.54886561192496 0.0355845336319999 0.113372475483291
0.0340000000000003 1.52760685123537 -0.0882454580455894 -0.088771559914918
0.0350000000000003 1.60672595101636 0.0308427309253162 0.0496474904114074
0.0360000000000003 1.58114568659993 -0.0641913916851982 -0.0937269019046495
0.0370000000000002 1.69837763194369 0.0740006215460809 -0.0071117509253216
0.0380000000000002 1.72207615743473 0.00707637299231725 -0.0260646647038478
0.0390000000000002 1.78143719408513 0.0314210990063414 0.0174950046618424
0.0400000000000004 1.77381366803951 -0.013891964672828 -0.0311681618268755
0.0410000000000004 1.86449155665807 -0.0271744453547681 0.0619771719789259
0.0420000000000003 1.86037788261295 -0.0790408607918798 -0.0355350581829594
0.0430000000000003 2.03042276621366 0.0914091704614676 0.0961230531984247
0.0440000000000003 1.97057479376303 -0.0836028813850654 -0.121493258372539
0.0450000000000003 2.10711670150208 0.096521863467145 0.0659469413360028
0.0460000000000003 2.02413745179515 -0.0789536752069136 -0.0986579029800903
0.0470000000000002 2.24933281182807 0.130028173148722 0.0843441661680244
0.0480000000000002 2.14477020333292 -0.113235949392153 -0.0215349060895187
0.0490000000000002 2.30353074270879 0.0739218875988196 0.107369829257786
0.0500000000000002 2.17555264446268 -0.171446538155733 -0.128275668597653
0.0510000000000004 2.40796928036423 0.117568108310394 0.125326768048142
0.0520000000000003 2.32553771778399 -0.00247507073522149 -0.0545290843131283
0.0530000000000003 2.42524834326019 0.0225043724738288 -0.0585167711103865
0.0540000000000003 2.53098997547689 0.0932789751117774 0.0388238534567379
0.0550000000000003 2.47264953823538 -0.0184582422772505 -0.00467124618568736
0.0560000000000003 2.64481875050128 0.0432424388106383 0.0933529919226916
0.0570000000000002 2.56475163788568 -0.112501195117807 -0.0484335096729789
0.0580000000000002 2.71604564815805 0.0386108311960602 0.056514631182815
0.0590000000000002 2.68514987839119 -0.0790233929516177 -0.0963785959814955
0.0600000000000004 2.89001029494713 0.0935380280961782 0.0896168334067605
0.0610000000000004 2.81273139544232 -0.0752932745624003 -0.0645047669126579
0.0620000000000003 2.98169790199892 0.13742232158876 0.134239620773998
0.0630000000000003 2.87246551212734 -0.120874691468423 -0.126264904649848
0.0640000000000003 3.01372006717656 0.136933361490572 0.0613198648109448
0.0650000000000003 3.03248651159282 -0.0401911393437504 -0.0485549703959579
0.0660000000000003 3.14088638080092 0.00152448322096018 0.0369342072089468
0.0670000000000002 3.13182582496349 -0.0488866892673412 -0.0207807305708137
0.0680000000000002 3.16772459785108 -0.102266271818472 -0.0102686378693635
0.0690000000000004 3.34003790575236 0.0961296888719906 0.0648608749381156
0.0700000000000004 3.2434378726872 -0.0956754783461026 -0.0592574615845518
0.0710000000000004 3.41237011450685 0.122199608955607 0.0489149386262922
0.0720000000000003 3.35413711816649 -0.114298392811378 -0.129767111944194
0.0730000000000003 3.59653705842867 0.130558016801797 0.175900691564851
0.0740000000000003 3.50998868235382 -0.0842517351383075 -0.0768684438241492
0.0750000000000003 3.65659977328866 0.0567053157841773 0.0735409402953724
0.0760000000000003 3.61591308695489 -0.0309876095871639 -0.0333493926523122
0.0770000000000002 3.719156460437 0.019021750776867 -0.0317426714755646
0.0780000000000002 3.72449683891332 -0.0339553990280108 -0.0207868895010319
0.0790000000000002 3.81942520058771 0.019181210772452 0.0586930262300239
0.0800000000000004 3.8681066385994 -0.0153963243792012 0.0062604032705061
0.0810000000000003 3.94205724527007 0.0504252464010371 0.0232355040484656
0.0820000000000003 3.9450004346577 -0.0670728798155002 -0.102222689212605
0.0830000000000003 4.09980519848023 0.104626425622478 0.0512640458346499
0.0840000000000003 4.10399721897612 0.00825349591859929 0.0176379422011573
0.0850000000000003 4.16640860302914 0.028441169933447 0.0698858997811551
0.0860000000000003 4.12262707953317 -0.100301544617948 -0.0409929124587923
0.0870000000000002 4.34957392086879 0.118189831639174 0.14767173616965
0.0880000000000002 4.26792986366794 -0.133926469225778 -0.11523824380661
0.0890000000000004 4.48123801592468 0.105471374862353 0.131796147218615
0.0900000000000002 4.39011235465096 -0.131267086693016 -0.103401698776411
0.0910000000000004 4.64422153206725 0.165550668365095 0.150445780242886
0.0920000000000003 4.52797289133889 -0.107568588847583 -0.15661404196834
0.0930000000000003 4.70640581062459 0.0727616525256193 0.122469151951848
0.0940000000000003 4.66436563554776 -0.17175417711042 -0.131808819291574
0.0950000000000003 4.87053509292694 0.140600802926935 0.16763796970354
0.0960000000000003 4.81623851008765 -0.0721433520264396 -0.144810104644665
0.0970000000000002 4.95814941094718 0.0266336965395377 -0.0127237667554978
0.0980000000000004 5.03455736674317 0.0294936408731869 0.0173992040710301
0.0990000000000002 5.07725242799124 0.00797620529261445 0.0754469596050937
0.1 5.13469179730906 -0.0783830569005255 -0.0290582155069835
0.101 5.21345114288592 0.0512256699296861 0.0820804883973372
0.102 5.22244148266399 -0.12409387465641 -0.0898999850748325
0.103 5.38040719977439 0.0399791620553824 0.0645131662728858
0.104 5.38492234083121 -0.0011428606924595 0.0190473059885936
0.105 5.46798627362066 -0.0551450168695582 -0.0252946880102816
0.106 5.60275251525509 0.115033612600977 0.0849939538256949
0.107 5.59404675283287 -0.128396532354898 -0.106191906828276
0.108 5.75480187116964 0.135032416465602 0.126447681204705
0.109 5.67175417597004 -0.0553493785593171 -0.113784687282631
0.11 5.86450245322677 0.110288075722605 0.0754236150593757
0.111 5.82620307342761 -0.0784924957048835 -0.0795457928226573
0.112 5.99144334149275 0.159048878166119 0.118752999352191
0.113 5.87899531067108 -0.258108064513729 -0.188423127684244
0.114 6.16214041373747 0.179368409860407 0.215080083282798
0.115 6.05140020661981 -0.104937804676394 -0.132872340242667
0.116 6.26464287827973 0.0484485772080427 0.0942135451786446
0.117 6.27801737902869 -0.0398773442356913 -0.0907444047683463
0.118 6.44920237822445 0.0607477770055349 0.10100556446323
0.119 6.45054021978046 -0.102222980264793 -0.0559426254608533
0.12 6.63347344637483 0.0827099923443191 0.0858571395896604
0.121 6.6204303569458 -0.0683102226707627 -0.0468203603195073
0.122 6.75138556745018 0.113669431851622 0.101528059109681
0.123 6.72192354883553 -0.121236974455986 -0.105365391994834
0.124 6.83253352371322 0.0775922655969651 0.089468227380284
0.125 6.87140146667158 -0.0414120226278995 -0.00570548047443135
0.126 6.90824620242142 -0.0236239947865771 0.0273821549689431
0.127 7.01674487070094 -0.0365136908483774 -0.0368430848466467
0.128 7.04276096526914 0.00444584176582645 0.0452827320503763
0.129 7.13795797044755 -0.0215091714633345 0.0275399172895612
0.13 7.21482478072943 0.00395502371519532 0.10189199622319
0.131 7.19267246839882 -0.154705249788154 -0.0492348561513
0.132 7.2956158469261 0.0249229344803168 0.195145612960402
0.133 7.13947795690953 -0.175595786774757 -0.010506789145948
0.134 7.22192445300649 -0.00900350462219635 0.230686486066108
0.135 7.02904161049741 -0.203737885006685 0.105276825982376
0.136 6.98218184934133 -0.120428761498077 0.213337648801552
0.137 6.66843292511111 -0.21503955355549 0.188310550627726
0.138 6.34072866149554 -0.265562860113282 0.344900721513629
0.139 5.84752779064633 -0.28776424154635 0.352283983298764
0.14 5.3358704274573 -0.295431195699871 0.335859324096142
0.141 4.82511358602856 -0.19579183150843 0.292584100386114
0.142 4.41247824242011 -0.268773597964637 0.251708001422035
0.143 4.13175051987917 -0.202441116861447 0.360381760991545
0.144 3.71700583059109 -0.191156804234439 0.170073573709003
0.145 3.54748329997343 -0.174862757815096 0.183710884623469
0.146 3.40450392142933 -0.202893492662774 0.301640359365191
0.147 2.96720259449438 -0.153281724804269 0.205471059824261
0.148 2.7125775667903 -0.10369309489232 0.135189025596375
0.149 2.70351860314167 -0.225314399337773 0.112425294976274
0.15 2.83130814995978 -0.117270065099443 0.253271468532394
0.151 2.6101584884614 -0.186556906483264 0.236075923409384
0.152 2.37037563186169 -0.208221789625127 0.160856148219615
0.153 2.11673674368021 -0.0835235542569399 0.148564316056738
0.154 1.89476748351965 -0.162966652369085 0.109460499026188
0.155 1.55298543296505 -0.102317261882123 0.169509454439624
0.156 1.43021499205079 -0.151721705363749 0.197939796415354
0.157 1.29281661574249 -0.0896871629679404 0.227928880396748
0.158 1.04496130402749 -0.182041036570225 0.0896558732070907
0.159 1.00241569314758 -0.0807832524663793 0.285365692515626
0.16 0.788732798045365 -0.12213694117223 0.0662079456538022
0.161 0.732084383614596 -0.0961581215559101 0.198229040051422
0.162 0.596982813804823 -0.085753901738991 0.0576693575044312
0.163 0.681018452838415 -0.0671675655211848 0.074528000302881
0.164 0.656526730569605 -0.0767449895895502 0.267172712346338
0.165 0.552729867847652 -0.096694203550077 0.215768991732787
0.166 0.283133543670508 -0.160149612278193 0.219190820267952
0.167 0.215585221669322 -0.223464174092956 0.291853483194271
0.168 0.0844101456735666 -0.0848256251806405 0.0983677980066809
0.169 0.0536011264814894 -0.0302505784387934 -0.00441515504980093
0.17 0.231727916220155 0.0745466159423024 -0.160085842563514
0.171 0.336834646654332 0.143816037860521 0.102333799420697
0.172 0.412582229733191 0.0121045310622148 0.0361233082394361
0.173 0.571120993474192 -0.132256403050704 0.118100587992314
0.174 0.712912212185546 0.126173789797773 -0.0909019171699375
0.175 0.752937883932298 0.00806023600615611 -0.104866807053952
0.176 1.04113268827889 0.027968946114661 0.138680943270743
0.177 1.16029373447137 -0.12949395249007 0.0311410067237763
0.178 1.33545109176188 0.0789346079236873 0.0356351625431053
0.179 1.32604764814842 0.126929468987643 -0.163552899088041
0.18 1.51871666433503 -0.0046233246468411 0.11519552171622
0.181 1.59991316069101 -0.0807030334057222 0.0585038285606145
0.182 1.777868471169 0.111972752713757 0.0376842408386791
0.183 1.89029796005681 0.0313635867096701 0.0365508970204281
0.184 1.95138053762115 -0.0701043565387222 2.55941918759333e-07
0.185 2.10471412205348 0.0917523241055194 -0.0670633192796975
0.186 2.190313930233 -0.0264366835939167 -0.004019433252775
0.187 2.37994477192602 0.0292514179931506 0.089336343418167
0.188 2.48035915990215 -0.0812284992946182 0.0346266434569193
0.189 2.61240757781669 0.0963530530376179 -0.0235929258302382
0.19 2.72766468676697 -0.0172236187483214 -0.0325392483277705
0.191 2.76636411113284 -0.0365919815591703 -0.0400742783612905
0.192 3.03637362288626 0.0721722543000298 0.0743278317598637
0.193 3.12610670361749 -0.0342984224512592 -0.0417247597604478
0.194 3.15401737198013 -0.0962979534442835 0.040255002772949
0.195 3.26838163012151 -0.062853458591118 -0.0305857029164661
0.196 3.47139988800837 0.0985699697848331 -0.134658749636243
0.197 3.54443293778372 -0.0211711152780804 -0.0247541610182225
0.198 3.71299730566358 -0.133153672976148 0.128543436122469
0.199 3.8681420243865 0.0855614327056047 0.015149321350093
0.2 3.89963272254757 -0.0226901551155313 -0.158723265691512
